0.000000000000000000e+00 9.798800000000000000e+04 6.626300000000000000e+04 2.505270000000000000e+05 3.950980000000000000e+05 4.433380000000000000e+05 4.260870000000000000e+05 4.248220000000000000e+05 5.465670000000000000e+05 4.299340000000000000e+05 1.824830000000000000e+05 1.661480000000000000e+05 2.044800000000000000e+05 1.784040000000000000e+05 3.650800000000000000e+04 7.000500000000000000e+04 1.684130000000000000e+05 1.338610000000000000e+05 1.531030000000000000e+05 3.419920000000000000e+05 3.696480000000000000e+05 5.102400000000000000e+05 4.815950000000000000e+05 2.220630000000000000e+05 2.946470000000000000e+05 2.505460000000000000e+05 3.783050000000000000e+05 3.622930000000000000e+05 1.125160000000000000e+05 8.121800000000000000e+04 1.149990000000000000e+05 3.083750000000000000e+05 1.189960000000000000e+05 1.147460000000000000e+05 1.253310000000000000e+05 1.473710000000000000e+05 1.106430000000000000e+05 3.031550000000000000e+05 2.916580000000000000e+05 2.103360000000000000e+05 2.015220000000000000e+05 3.283330000000000000e+05 3.283330000000000000e+05 3.322120000000000000e+05 1.183720000000000000e+05 2.973630000000000000e+05 2.858630000000000000e+05 1.880490000000000000e+05 2.469100000000000000e+05 2.145230000000000000e+05 2.025320000000000000e+05 2.303050000000000000e+05
9.798800000000000000e+04 0.000000000000000000e+00 1.138340000000000000e+05 3.471750000000000000e+05 3.877380000000000000e+05 5.399870000000000000e+05 5.227350000000000000e+05 5.214710000000000000e+05 6.432150000000000000e+05 5.265830000000000000e+05 1.710900000000000000e+05 1.149690000000000000e+05 1.704860000000000000e+05 1.342450000000000000e+05 1.333260000000000000e+05 1.666540000000000000e+05 2.650610000000000000e+05 1.512880000000000000e+05 1.646390000000000000e+05 3.547950000000000000e+05 3.430780000000000000e+05 6.068890000000000000e+05 5.782440000000000000e+05 3.187110000000000000e+05 3.912960000000000000e+05 3.471940000000000000e+05 4.749540000000000000e+05 4.589410000000000000e+05 6.623800000000000000e+04 1.778660000000000000e+05 2.116470000000000000e+05 3.211790000000000000e+05 2.156440000000000000e+05 2.113940000000000000e+05 2.219800000000000000e+05 2.440200000000000000e+05 1.334850000000000000e+05 3.998030000000000000e+05 3.883070000000000000e+05 2.356870000000000000e+05 2.068010000000000000e+05 4.249820000000000000e+05 4.249820000000000000e+05 4.288600000000000000e+05 1.021670000000000000e+05 3.940110000000000000e+05 2.772850000000000000e+05 2.846980000000000000e+05 3.435590000000000000e+05 3.111710000000000000e+05 2.991800000000000000e+05 3.269540000000000000e+05
6.626300000000000000e+04 1.138340000000000000e+05 0.000000000000000000e+00 2.196770000000000000e+05 2.673990000000000000e+05 2.920830000000000000e+05 3.952370000000000000e+05 3.939720000000000000e+05 5.157170000000000000e+05 3.990840000000000000e+05 1.295590000000000000e+05 1.603800000000000000e+05 1.515560000000000000e+05 1.479990000000000000e+05 8.430100000000000000e+04 5.661100000000000000e+04 1.375630000000000000e+05 8.093700000000000000e+04 1.001790000000000000e+05 3.034530000000000000e+05 2.419500000000000000e+05 4.793900000000000000e+05 4.507460000000000000e+05 1.912130000000000000e+05 2.637980000000000000e+05 2.196960000000000000e+05 3.474560000000000000e+05 3.314430000000000000e+05 1.121710000000000000e+05 5.036800000000000000e+04 8.414900000000000000e+04 2.466180000000000000e+05 8.814600000000000000e+04 5.747100000000000000e+04 9.448100000000000000e+04 1.165210000000000000e+05 2.787900000000000000e+04 1.965390000000000000e+05 1.748760000000000000e+05 1.512480000000000000e+05 1.485980000000000000e+05 2.974830000000000000e+05 2.974830000000000000e+05 3.013620000000000000e+05 6.544800000000000000e+04 2.665130000000000000e+05 1.569460000000000000e+05 1.320840000000000000e+05 2.160610000000000000e+05 1.836730000000000000e+05 1.716820000000000000e+05 1.994550000000000000e+05
2.505270000000000000e+05 3.471750000000000000e+05 2.196770000000000000e+05 0.000000000000000000e+00 2.245660000000000000e+05 2.348390000000000000e+05 1.954180000000000000e+05 1.941540000000000000e+05 3.158990000000000000e+05 1.992660000000000000e+05 2.569960000000000000e+05 3.712270000000000000e+05 3.204050000000000000e+05 3.532930000000000000e+05 2.441740000000000000e+05 2.207390000000000000e+05 8.778400000000000000e+04 2.342100000000000000e+05 2.543190000000000000e+05 2.630000000000000000e+05 2.014970000000000000e+05 3.017410000000000000e+05 2.485930000000000000e+05 5.120100000000000000e+04 4.516000000000000000e+04 3.537000000000000000e+04 1.698060000000000000e+05 1.537940000000000000e+05 3.174650000000000000e+05 1.934000000000000000e+05 1.415410000000000000e+05 2.785040000000000000e+05 1.349650000000000000e+05 1.753790000000000000e+05 1.413000000000000000e+05 1.169090000000000000e+05 2.127090000000000000e+05 9.153600000000000000e+04 1.163340000000000000e+05 1.774230000000000000e+05 2.405980000000000000e+05 9.766500000000000000e+04 9.766500000000000000e+04 8.272500000000000000e+04 2.707420000000000000e+05 5.081300000000000000e+04 1.177110000000000000e+05 1.174500000000000000e+05 5.703500000000000000e+04 6.458800000000000000e+04 5.236500000000000000e+04 6.546200000000000000e+04
3.950980000000000000e+05 3.877380000000000000e+05 2.673990000000000000e+05 2.245660000000000000e+05 0.000000000000000000e+00 3.156200000000000000e+04 1.663040000000000000e+05 1.576450000000000000e+05 2.730230000000000000e+05 1.884230000000000000e+05 2.101530000000000000e+05 3.606090000000000000e+05 2.681740000000000000e+05 3.196700000000000000e+05 3.888070000000000000e+05 3.653720000000000000e+05 2.323290000000000000e+05 2.403870000000000000e+05 2.442290000000000000e+05 1.127080000000000000e+05 5.001800000000000000e+04 2.172260000000000000e+05 1.885810000000000000e+05 2.137000000000000000e+05 2.004200000000000000e+05 1.879490000000000000e+05 8.529100000000000000e+04 6.947900000000000000e+04 3.152870000000000000e+05 3.380330000000000000e+05 2.427200000000000000e+05 1.352860000000000000e+05 2.370360000000000000e+05 2.402670000000000000e+05 2.352190000000000000e+05 2.263860000000000000e+05 2.385950000000000000e+05 9.458700000000000000e+04 1.051990000000000000e+05 1.528300000000000000e+05 1.757520000000000000e+05 1.290920000000000000e+05 1.290920000000000000e+05 1.961140000000000000e+05 2.795360000000000000e+05 2.581740000000000000e+05 1.110690000000000000e+05 1.649150000000000000e+05 2.988080000000000000e+05 2.778170000000000000e+05 2.427530000000000000e+05 2.635960000000000000e+05
4.433380000000000000e+05 5.399870000000000000e+05 2.920830000000000000e+05 2.348390000000000000e+05 3.156200000000000000e+04 0.000000000000000000e+00 1.766380000000000000e+05 1.679790000000000000e+05 2.833570000000000000e+05 1.987570000000000000e+05 2.350350000000000000e+05 3.854920000000000000e+05 2.930570000000000000e+05 3.445530000000000000e+05 4.373730000000000000e+05 4.139390000000000000e+05 2.809830000000000000e+05 2.676810000000000000e+05 2.784920000000000000e+05 1.375900000000000000e+05 7.490100000000000000e+04 2.275600000000000000e+05 1.989150000000000000e+05 2.240340000000000000e+05 2.107540000000000000e+05 1.982830000000000000e+05 9.562500000000000000e+04 7.981400000000000000e+04 3.401700000000000000e+05 3.865990000000000000e+05 3.347400000000000000e+05 1.601690000000000000e+05 3.281640000000000000e+05 2.675610000000000000e+05 2.625140000000000000e+05 2.536800000000000000e+05 2.658900000000000000e+05 1.224820000000000000e+05 1.324930000000000000e+05 1.801240000000000000e+05 2.006340000000000000e+05 1.394260000000000000e+05 1.394260000000000000e+05 2.064480000000000000e+05 3.068310000000000000e+05 2.685080000000000000e+05 1.383640000000000000e+05 1.922090000000000000e+05 2.804910000000000000e+05 2.881510000000000000e+05 2.530870000000000000e+05 2.739300000000000000e+05
4.260870000000000000e+05 5.227350000000000000e+05 3.952370000000000000e+05 1.954180000000000000e+05 1.663040000000000000e+05 1.766380000000000000e+05 0.000000000000000000e+00 9.926000000000000000e+03 1.275020000000000000e+05 2.185100000000000000e+04 3.923470000000000000e+05 5.414940000000000000e+05 4.503680000000000000e+05 5.235600000000000000e+05 4.144400000000000000e+05 3.910050000000000000e+05 2.580500000000000000e+05 3.575690000000000000e+05 3.776780000000000000e+05 2.588580000000000000e+05 1.961680000000000000e+05 1.522330000000000000e+05 9.323800000000000000e+04 2.011010000000000000e+05 1.528140000000000000e+05 1.753500000000000000e+05 9.185900000000000000e+04 9.955000000000000000e+04 4.877310000000000000e+05 3.636660000000000000e+05 3.118070000000000000e+05 2.814370000000000000e+05 3.052310000000000000e+05 3.456450000000000000e+05 3.115660000000000000e+05 2.871750000000000000e+05 3.829750000000000000e+05 1.677680000000000000e+05 2.001410000000000000e+05 2.905400000000000000e+05 3.579450000000000000e+05 9.380200000000000000e+04 9.380200000000000000e+04 1.207670000000000000e+05 4.410090000000000000e+05 1.738230000000000000e+05 2.441960000000000000e+05 2.334260000000000000e+05 2.289880000000000000e+05 2.652180000000000000e+05 2.301540000000000000e+05 2.509960000000000000e+05
4.248220000000000000e+05 5.214710000000000000e+05 3.939720000000000000e+05 1.941540000000000000e+05 1.576450000000000000e+05 1.679790000000000000e+05 9.926000000000000000e+03 0.000000000000000000e+00 1.264900000000000000e+05 3.073000000000000000e+04 3.480120000000000000e+05 5.457080000000000000e+05 4.060330000000000000e+05 5.277740000000000000e+05 4.186540000000000000e+05 3.952200000000000000e+05 2.622640000000000000e+05 3.617830000000000000e+05 3.818920000000000000e+05 2.505670000000000000e+05 1.878770000000000000e+05 1.493600000000000000e+05 8.466600000000000000e+04 2.053150000000000000e+05 1.570280000000000000e+05 1.795640000000000000e+05 8.356800000000000000e+04 9.125900000000000000e+04 4.919450000000000000e+05 3.678800000000000000e+05 3.160210000000000000e+05 2.731460000000000000e+05 3.094450000000000000e+05 3.498600000000000000e+05 3.157810000000000000e+05 2.913890000000000000e+05 3.871890000000000000e+05 1.719830000000000000e+05 1.952590000000000000e+05 2.528850000000000000e+05 3.136110000000000000e+05 9.801600000000000000e+04 9.801600000000000000e+04 1.296460000000000000e+05 4.452230000000000000e+05 1.827020000000000000e+05 2.065410000000000000e+05 2.376400000000000000e+05 2.552970000000000000e+05 2.694320000000000000e+05 2.343680000000000000e+05 2.552110000000000000e+05
5.465670000000000000e+05 6.432150000000000000e+05 5.157170000000000000e+05 3.158990000000000000e+05 2.730230000000000000e+05 2.833570000000000000e+05 1.275020000000000000e+05 1.264900000000000000e+05 0.000000000000000000e+00 1.477360000000000000e+05 5.182180000000000000e+05 6.673650000000000000e+05 5.762390000000000000e+05 6.494310000000000000e+05 5.403120000000000000e+05 5.168770000000000000e+05 3.839210000000000000e+05 4.834400000000000000e+05 5.035490000000000000e+05 3.659500000000000000e+05 3.032600000000000000e+05 1.842370000000000000e+05 1.090460000000000000e+05 3.269720000000000000e+05 2.786860000000000000e+05 3.012210000000000000e+05 1.971630000000000000e+05 2.066410000000000000e+05 6.136030000000000000e+05 4.895370000000000000e+05 4.376780000000000000e+05 3.885280000000000000e+05 4.311030000000000000e+05 4.715170000000000000e+05 4.374380000000000000e+05 4.130470000000000000e+05 5.088460000000000000e+05 2.936400000000000000e+05 3.260130000000000000e+05 4.164110000000000000e+05 4.838170000000000000e+05 2.196740000000000000e+05 2.196740000000000000e+05 2.466530000000000000e+05 5.668800000000000000e+05 2.997090000000000000e+05 3.700670000000000000e+05 3.592980000000000000e+05 3.769540000000000000e+05 3.910900000000000000e+05 3.560250000000000000e+05 3.768680000000000000e+05
4.299340000000000000e+05 5.265830000000000000e+05 3.990840000000000000e+05 1.992660000000000000e+05 1.884230000000000000e+05 1.987570000000000000e+05 2.185100000000000000e+04 3.073000000000000000e+04 1.477360000000000000e+05 0.000000000000000000e+00 4.016380000000000000e+05 5.507850000000000000e+05 4.596590000000000000e+05 5.328510000000000000e+05 4.237310000000000000e+05 4.002960000000000000e+05 2.673410000000000000e+05 3.668600000000000000e+05 3.869690000000000000e+05 2.806440000000000000e+05 2.179540000000000000e+05 1.721220000000000000e+05 1.131270000000000000e+05 2.103920000000000000e+05 1.621050000000000000e+05 1.846410000000000000e+05 1.123610000000000000e+05 1.180650000000000000e+05 4.970220000000000000e+05 3.729570000000000000e+05 3.210980000000000000e+05 3.032230000000000000e+05 3.145220000000000000e+05 3.549360000000000000e+05 3.208570000000000000e+05 2.964660000000000000e+05 3.922660000000000000e+05 1.770590000000000000e+05 2.094320000000000000e+05 2.998310000000000000e+05 3.672360000000000000e+05 1.030930000000000000e+05 1.030930000000000000e+05 1.152490000000000000e+05 4.503000000000000000e+05 1.683050000000000000e+05 2.534870000000000000e+05 2.427170000000000000e+05 2.234700000000000000e+05 2.745090000000000000e+05 2.394450000000000000e+05 2.602870000000000000e+05
1.824830000000000000e+05 1.710900000000000000e+05 1.295590000000000000e+05 2.569960000000000000e+05 2.101530000000000000e+05 2.350350000000000000e+05 3.923470000000000000e+05 3.480120000000000000e+05 5.182180000000000000e+05 4.016380000000000000e+05 0.000000000000000000e+00 1.512690000000000000e+05 5.883400000000000000e+04 1.103300000000000000e+05 2.025850000000000000e+05 1.858700000000000000e+05 2.102530000000000000e+05 5.282900000000000000e+04 3.488900000000000000e+04 1.839180000000000000e+05 1.722010000000000000e+05 4.066610000000000000e+05 3.780170000000000000e+05 2.026070000000000000e+05 2.565720000000000000e+05 2.135470000000000000e+05 2.747270000000000000e+05 2.589150000000000000e+05 1.059470000000000000e+05 1.796270000000000000e+05 1.851680000000000000e+05 1.503010000000000000e+05 1.852670000000000000e+05 1.476080000000000000e+05 1.834500000000000000e+05 1.726430000000000000e+05 1.073020000000000000e+05 1.938280000000000000e+05 1.721650000000000000e+05 1.058170000000000000e+05 3.592400000000000000e+04 2.810260000000000000e+05 2.810260000000000000e+05 3.546920000000000000e+05 8.024300000000000000e+04 3.309700000000000000e+05 1.497070000000000000e+05 1.542550000000000000e+05 2.805180000000000000e+05 2.481300000000000000e+05 2.337190000000000000e+05 2.639130000000000000e+05
1.661480000000000000e+05 1.149690000000000000e+05 1.603800000000000000e+05 3.712270000000000000e+05 3.606090000000000000e+05 3.854920000000000000e+05 5.414940000000000000e+05 5.457080000000000000e+05 6.673650000000000000e+05 5.507850000000000000e+05 1.512690000000000000e+05 0.000000000000000000e+00 1.498490000000000000e+05 1.136080000000000000e+05 2.015330000000000000e+05 2.348600000000000000e+05 2.886670000000000000e+05 1.402630000000000000e+05 1.697330000000000000e+05 3.341580000000000000e+05 3.224420000000000000e+05 5.569020000000000000e+05 5.282570000000000000e+05 3.423160000000000000e+05 4.149010000000000000e+05 3.707990000000000000e+05 4.249670000000000000e+05 4.091560000000000000e+05 5.429600000000000000e+04 2.066370000000000000e+05 2.352520000000000000e+05 3.005420000000000000e+05 2.392500000000000000e+05 2.094060000000000000e+05 2.455850000000000000e+05 2.581180000000000000e+05 1.589620000000000000e+05 3.089260000000000000e+05 2.872640000000000000e+05 2.560580000000000000e+05 1.861650000000000000e+05 4.485870000000000000e+05 4.485870000000000000e+05 4.524650000000000000e+05 1.000040000000000000e+05 4.176160000000000000e+05 2.999480000000000000e+05 2.574480000000000000e+05 3.671640000000000000e+05 3.347760000000000000e+05 3.227850000000000000e+05 3.505590000000000000e+05
2.044800000000000000e+05 1.704860000000000000e+05 1.515560000000000000e+05 3.204050000000000000e+05 2.681740000000000000e+05 2.930570000000000000e+05 4.503680000000000000e+05 4.060330000000000000e+05 5.762390000000000000e+05 4.596590000000000000e+05 5.883400000000000000e+04 1.498490000000000000e+05 0.000000000000000000e+00 7.305300000000000000e+04 2.234480000000000000e+05 2.067330000000000000e+05 2.527730000000000000e+05 8.665000000000000000e+04 7.740800000000000000e+04 2.418340000000000000e+05 2.301170000000000000e+05 4.645780000000000000e+05 4.359330000000000000e+05 2.594000000000000000e+05 3.707740000000000000e+05 2.703410000000000000e+05 3.326430000000000000e+05 3.168310000000000000e+05 1.043600000000000000e+05 2.004900000000000000e+05 2.222840000000000000e+05 2.082170000000000000e+05 2.262810000000000000e+05 1.964380000000000000e+05 2.326160000000000000e+05 2.151620000000000000e+05 1.403810000000000000e+05 2.517440000000000000e+05 2.300810000000000000e+05 1.637330000000000000e+05 9.384000000000000000e+04 3.248430000000000000e+05 3.248430000000000000e+05 4.083390000000000000e+05 9.390700000000000000e+04 3.734890000000000000e+05 2.076230000000000000e+05 2.110480000000000000e+05 3.230370000000000000e+05 2.906500000000000000e+05 2.786580000000000000e+05 3.064320000000000000e+05
1.784040000000000000e+05 1.342450000000000000e+05 1.479990000000000000e+05 3.532930000000000000e+05 3.196700000000000000e+05 3.445530000000000000e+05 5.235600000000000000e+05 5.277740000000000000e+05 6.494310000000000000e+05 5.328510000000000000e+05 1.103300000000000000e+05 1.136080000000000000e+05 7.305300000000000000e+04 0.000000000000000000e+00 2.198540000000000000e+05 2.031390000000000000e+05 2.721040000000000000e+05 1.167150000000000000e+05 1.286510000000000000e+05 2.930760000000000000e+05 2.813600000000000000e+05 5.158200000000000000e+05 4.871750000000000000e+05 3.257540000000000000e+05 3.983380000000000000e+05 3.542370000000000000e+05 3.838850000000000000e+05 3.680740000000000000e+05 6.796100000000000000e+04 1.968960000000000000e+05 2.186900000000000000e+05 2.594600000000000000e+05 2.226870000000000000e+05 1.928440000000000000e+05 2.290220000000000000e+05 2.415550000000000000e+05 1.424000000000000000e+05 3.029870000000000000e+05 2.813240000000000000e+05 2.149760000000000000e+05 1.450830000000000000e+05 4.320240000000000000e+05 4.320240000000000000e+05 4.359030000000000000e+05 8.344100000000000000e+04 4.010540000000000000e+05 2.588660000000000000e+05 2.356210000000000000e+05 3.506010000000000000e+05 3.182140000000000000e+05 3.062230000000000000e+05 3.339960000000000000e+05
3.650800000000000000e+04 1.333260000000000000e+05 8.430100000000000000e+04 2.441740000000000000e+05 3.888070000000000000e+05 4.373730000000000000e+05 4.144400000000000000e+05 4.186540000000000000e+05 5.403120000000000000e+05 4.237310000000000000e+05 2.025850000000000000e+05 2.015330000000000000e+05 2.234480000000000000e+05 2.198540000000000000e+05 0.000000000000000000e+00 3.486200000000000000e+04 1.626610000000000000e+05 1.521740000000000000e+05 1.714160000000000000e+05 4.254000000000000000e+05 3.638960000000000000e+05 5.044880000000000000e+05 4.758430000000000000e+05 2.163110000000000000e+05 2.888950000000000000e+05 2.447930000000000000e+05 3.725530000000000000e+05 3.565410000000000000e+05 1.573090000000000000e+05 6.799400000000000000e+04 1.092470000000000000e+05 3.266880000000000000e+05 1.132440000000000000e+05 1.089940000000000000e+05 1.195790000000000000e+05 1.416190000000000000e+05 1.289560000000000000e+05 2.974030000000000000e+05 2.859060000000000000e+05 2.286490000000000000e+05 2.198350000000000000e+05 3.225810000000000000e+05 3.225810000000000000e+05 3.264600000000000000e+05 1.366850000000000000e+05 2.916100000000000000e+05 2.801110000000000000e+05 1.822970000000000000e+05 2.411580000000000000e+05 2.087710000000000000e+05 1.967790000000000000e+05 2.245530000000000000e+05
7.000500000000000000e+04 1.666540000000000000e+05 5.661100000000000000e+04 2.207390000000000000e+05 3.653720000000000000e+05 4.139390000000000000e+05 3.910050000000000000e+05 3.952200000000000000e+05 5.168770000000000000e+05 4.002960000000000000e+05 1.858700000000000000e+05 2.348600000000000000e+05 2.067330000000000000e+05 2.031390000000000000e+05 3.486200000000000000e+04 0.000000000000000000e+00 1.392150000000000000e+05 1.360020000000000000e+05 1.552440000000000000e+05 4.019530000000000000e+05 3.404500000000000000e+05 4.810420000000000000e+05 4.523970000000000000e+05 1.928640000000000000e+05 2.654490000000000000e+05 2.213470000000000000e+05 3.491070000000000000e+05 3.330950000000000000e+05 1.812970000000000000e+05 4.320800000000000000e+04 8.580000000000000000e+04 3.279640000000000000e+05 8.979800000000000000e+04 8.554700000000000000e+04 9.613300000000000000e+04 1.181730000000000000e+05 8.289200000000000000e+04 2.739570000000000000e+05 2.624600000000000000e+05 2.052680000000000000e+05 2.036630000000000000e+05 2.991350000000000000e+05 2.991350000000000000e+05 3.030130000000000000e+05 1.205130000000000000e+05 2.681640000000000000e+05 2.566640000000000000e+05 1.588510000000000000e+05 2.177120000000000000e+05 1.853240000000000000e+05 1.733330000000000000e+05 2.011070000000000000e+05
1.684130000000000000e+05 2.650610000000000000e+05 1.375630000000000000e+05 8.778400000000000000e+04 2.323290000000000000e+05 2.809830000000000000e+05 2.580500000000000000e+05 2.622640000000000000e+05 3.839210000000000000e+05 2.673410000000000000e+05 2.102530000000000000e+05 2.886670000000000000e+05 2.527730000000000000e+05 2.721040000000000000e+05 1.626610000000000000e+05 1.392150000000000000e+05 0.000000000000000000e+00 1.609800000000000000e+05 1.810880000000000000e+05 2.686030000000000000e+05 2.071000000000000000e+05 3.477520000000000000e+05 3.191070000000000000e+05 5.957400000000000000e+04 1.321590000000000000e+05 8.805700000000000000e+04 2.158170000000000000e+05 1.998040000000000000e+05 2.338020000000000000e+05 1.097370000000000000e+05 5.787800000000000000e+04 2.665630000000000000e+05 5.130300000000000000e+04 9.171700000000000000e+04 5.763800000000000000e+04 4.367900000000000000e+04 1.290460000000000000e+05 1.406060000000000000e+05 1.291100000000000000e+05 1.438660000000000000e+05 2.070410000000000000e+05 1.658450000000000000e+05 1.658450000000000000e+05 1.697230000000000000e+05 1.870800000000000000e+05 1.348740000000000000e+05 1.233140000000000000e+05 8.389300000000000000e+04 8.442200000000000000e+04 4.251400000000000000e+04 4.004300000000000000e+04 6.781600000000000000e+04
1.338610000000000000e+05 1.512880000000000000e+05 8.093700000000000000e+04 2.342100000000000000e+05 2.403870000000000000e+05 2.676810000000000000e+05 3.575690000000000000e+05 3.617830000000000000e+05 4.834400000000000000e+05 3.668600000000000000e+05 5.282900000000000000e+04 1.402630000000000000e+05 8.665000000000000000e+04 1.167150000000000000e+05 1.521740000000000000e+05 1.360020000000000000e+05 1.609800000000000000e+05 0.000000000000000000e+00 1.940800000000000000e+04 2.082970000000000000e+05 2.160730000000000000e+05 3.906300000000000000e+05 3.619850000000000000e+05 1.675360000000000000e+05 2.788270000000000000e+05 1.790390000000000000e+05 2.586950000000000000e+05 2.426820000000000000e+05 8.683700000000000000e+04 1.293820000000000000e+05 1.325050000000000000e+05 1.746800000000000000e+05 1.358390000000000000e+05 9.818000000000000000e+04 1.340220000000000000e+05 1.232150000000000000e+05 5.463900000000000000e+04 1.706620000000000000e+05 1.489990000000000000e+05 8.467600000000000000e+04 6.782700000000000000e+04 2.580900000000000000e+05 2.580900000000000000e+05 3.163910000000000000e+05 4.979600000000000000e+04 2.815420000000000000e+05 1.310690000000000000e+05 1.191840000000000000e+05 2.310900000000000000e+05 1.987020000000000000e+05 1.867110000000000000e+05 2.144850000000000000e+05
1.531030000000000000e+05 1.646390000000000000e+05 1.001790000000000000e+05 2.543190000000000000e+05 2.442290000000000000e+05 2.784920000000000000e+05 3.776780000000000000e+05 3.818920000000000000e+05 5.035490000000000000e+05 3.869690000000000000e+05 3.488900000000000000e+04 1.697330000000000000e+05 7.740800000000000000e+04 1.286510000000000000e+05 1.714160000000000000e+05 1.552440000000000000e+05 1.810880000000000000e+05 1.940800000000000000e+04 0.000000000000000000e+00 2.174810000000000000e+05 2.057640000000000000e+05 4.027320000000000000e+05 3.740870000000000000e+05 1.876950000000000000e+05 2.989870000000000000e+05 1.991990000000000000e+05 2.707980000000000000e+05 2.547850000000000000e+05 9.944400000000000000e+04 1.486410000000000000e+05 1.517640000000000000e+05 1.838640000000000000e+05 1.559990000000000000e+05 1.183400000000000000e+05 1.541820000000000000e+05 1.433740000000000000e+05 7.389800000000000000e+04 1.827650000000000000e+05 1.611020000000000000e+05 1.027350000000000000e+05 6.948700000000000000e+04 2.782490000000000000e+05 2.782490000000000000e+05 3.365510000000000000e+05 6.859200000000000000e+04 3.017020000000000000e+05 1.431720000000000000e+05 1.393430000000000000e+05 2.512490000000000000e+05 2.188620000000000000e+05 2.068710000000000000e+05 2.346440000000000000e+05
3.419920000000000000e+05 3.547950000000000000e+05 3.034530000000000000e+05 2.630000000000000000e+05 1.127080000000000000e+05 1.375900000000000000e+05 2.588580000000000000e+05 2.505670000000000000e+05 3.659500000000000000e+05 2.806440000000000000e+05 1.839180000000000000e+05 3.341580000000000000e+05 2.418340000000000000e+05 2.930760000000000000e+05 4.254000000000000000e+05 4.019530000000000000e+05 2.686030000000000000e+05 2.082970000000000000e+05 2.174810000000000000e+05 0.000000000000000000e+00 6.301000000000000000e+04 3.085920000000000000e+05 2.799470000000000000e+05 2.362930000000000000e+05 2.410440000000000000e+05 2.293170000000000000e+05 1.766570000000000000e+05 1.608450000000000000e+05 2.890520000000000000e+05 3.733040000000000000e+05 2.779920000000000000e+05 5.482900000000000000e+04 2.723080000000000000e+05 2.755390000000000000e+05 2.704910000000000000e+05 2.616570000000000000e+05 2.738670000000000000e+05 1.565050000000000000e+05 1.404710000000000000e+05 1.572980000000000000e+05 1.495160000000000000e+05 2.204580000000000000e+05 2.204580000000000000e+05 2.962620000000000000e+05 2.633490000000000000e+05 3.105760000000000000e+05 1.463410000000000000e+05 2.001870000000000000e+05 3.340790000000000000e+05 3.016920000000000000e+05 2.786330000000000000e+05 3.174740000000000000e+05
3.696480000000000000e+05 3.430780000000000000e+05 2.419500000000000000e+05 2.014970000000000000e+05 5.001800000000000000e+04 7.490100000000000000e+04 1.961680000000000000e+05 1.878770000000000000e+05 3.032600000000000000e+05 2.179540000000000000e+05 1.722010000000000000e+05 3.224420000000000000e+05 2.301170000000000000e+05 2.813600000000000000e+05 3.638960000000000000e+05 3.404500000000000000e+05 2.071000000000000000e+05 2.160730000000000000e+05 2.057640000000000000e+05 6.301000000000000000e+04 0.000000000000000000e+00 2.468590000000000000e+05 2.182150000000000000e+05 1.754130000000000000e+05 1.801630000000000000e+05 1.684370000000000000e+05 1.149250000000000000e+05 9.911300000000000000e+04 2.773820000000000000e+05 3.124230000000000000e+05 2.171110000000000000e+05 9.393000000000000000e+04 2.114270000000000000e+05 2.146580000000000000e+05 2.096100000000000000e+05 2.007770000000000000e+05 2.129860000000000000e+05 9.562400000000000000e+04 7.959000000000000000e+04 1.272210000000000000e+05 1.378470000000000000e+05 1.587250000000000000e+05 1.587250000000000000e+05 2.353810000000000000e+05 2.539270000000000000e+05 2.496950000000000000e+05 8.546000000000000000e+04 1.393060000000000000e+05 2.731990000000000000e+05 2.408110000000000000e+05 2.177520000000000000e+05 2.565930000000000000e+05
5.102400000000000000e+05 6.068890000000000000e+05 4.793900000000000000e+05 3.017410000000000000e+05 2.172260000000000000e+05 2.275600000000000000e+05 1.522330000000000000e+05 1.493600000000000000e+05 1.842370000000000000e+05 1.721220000000000000e+05 4.066610000000000000e+05 5.569020000000000000e+05 4.645780000000000000e+05 5.158200000000000000e+05 5.044880000000000000e+05 4.810420000000000000e+05 3.477520000000000000e+05 3.906300000000000000e+05 4.027320000000000000e+05 3.085920000000000000e+05 2.468590000000000000e+05 0.000000000000000000e+00 7.650600000000000000e+04 2.908980000000000000e+05 2.608760000000000000e+05 2.651470000000000000e+05 1.317200000000000000e+05 1.499350000000000000e+05 4.762330000000000000e+05 4.534630000000000000e+05 4.016050000000000000e+05 3.318220000000000000e+05 3.950290000000000000e+05 4.354430000000000000e+05 4.013640000000000000e+05 3.769730000000000000e+05 4.727720000000000000e+05 2.255070000000000000e+05 2.539360000000000000e+05 3.115620000000000000e+05 3.722870000000000000e+05 2.018640000000000000e+05 2.018640000000000000e+05 2.517000000000000000e+05 4.295110000000000000e+05 3.013810000000000000e+05 2.652180000000000000e+05 2.864580000000000000e+05 3.473550000000000000e+05 3.550160000000000000e+05 3.199510000000000000e+05 3.407940000000000000e+05
4.815950000000000000e+05 5.782440000000000000e+05 4.507460000000000000e+05 2.485930000000000000e+05 1.885810000000000000e+05 1.989150000000000000e+05 9.323800000000000000e+04 8.466600000000000000e+04 1.090460000000000000e+05 1.131270000000000000e+05 3.780170000000000000e+05 5.282570000000000000e+05 4.359330000000000000e+05 4.871750000000000000e+05 4.758430000000000000e+05 4.523970000000000000e+05 3.191070000000000000e+05 3.619850000000000000e+05 3.740870000000000000e+05 2.799470000000000000e+05 2.182150000000000000e+05 7.650600000000000000e+04 0.000000000000000000e+00 2.625120000000000000e+05 2.113310000000000000e+05 2.367610000000000000e+05 1.033330000000000000e+05 1.215490000000000000e+05 4.478470000000000000e+05 4.250770000000000000e+05 3.732180000000000000e+05 3.034360000000000000e+05 3.666420000000000000e+05 4.070570000000000000e+05 3.729770000000000000e+05 3.485860000000000000e+05 4.443860000000000000e+05 1.971200000000000000e+05 2.255490000000000000e+05 2.831750000000000000e+05 3.439010000000000000e+05 1.523190000000000000e+05 1.523190000000000000e+05 2.123540000000000000e+05 4.011240000000000000e+05 2.518360000000000000e+05 2.368310000000000000e+05 2.580710000000000000e+05 3.096000000000000000e+05 3.266290000000000000e+05 2.915650000000000000e+05 3.124070000000000000e+05
2.220630000000000000e+05 3.187110000000000000e+05 1.912130000000000000e+05 5.120100000000000000e+04 2.137000000000000000e+05 2.240340000000000000e+05 2.011010000000000000e+05 2.053150000000000000e+05 3.269720000000000000e+05 2.103920000000000000e+05 2.026070000000000000e+05 3.423160000000000000e+05 2.594000000000000000e+05 3.257540000000000000e+05 2.163110000000000000e+05 1.928640000000000000e+05 5.957400000000000000e+04 1.675360000000000000e+05 1.876950000000000000e+05 2.362930000000000000e+05 1.754130000000000000e+05 2.908980000000000000e+05 2.625120000000000000e+05 0.000000000000000000e+00 9.172400000000000000e+04 3.142800000000000000e+04 1.591870000000000000e+05 1.431750000000000000e+05 2.889850000000000000e+05 1.649200000000000000e+05 1.130610000000000000e+05 2.523980000000000000e+05 1.064850000000000000e+05 1.469000000000000000e+05 1.128210000000000000e+05 8.842900000000000000e+04 1.842290000000000000e+05 9.701900000000000000e+04 9.740000000000000000e+04 1.236160000000000000e+05 1.867910000000000000e+05 1.092150000000000000e+05 1.092150000000000000e+05 1.292880000000000000e+05 2.422630000000000000e+05 9.738800000000000000e+04 9.160500000000000000e+04 5.667700000000000000e+04 7.330000000000000000e+04 6.647300000000000000e+04 2.971500000000000000e+04 5.055800000000000000e+04
2.946470000000000000e+05 3.912960000000000000e+05 2.637980000000000000e+05 4.516000000000000000e+04 2.004200000000000000e+05 2.107540000000000000e+05 1.528140000000000000e+05 1.570280000000000000e+05 2.786860000000000000e+05 1.621050000000000000e+05 2.565720000000000000e+05 4.149010000000000000e+05 3.707740000000000000e+05 3.983380000000000000e+05 2.888950000000000000e+05 2.654490000000000000e+05 1.321590000000000000e+05 2.788270000000000000e+05 2.989870000000000000e+05 2.410440000000000000e+05 1.801630000000000000e+05 2.608760000000000000e+05 2.113310000000000000e+05 9.172400000000000000e+04 0.000000000000000000e+00 5.624700000000000000e+04 1.459290000000000000e+05 1.299170000000000000e+05 3.598510000000000000e+05 2.357850000000000000e+05 1.839270000000000000e+05 2.625090000000000000e+05 1.773510000000000000e+05 2.177650000000000000e+05 1.836860000000000000e+05 1.592950000000000000e+05 2.550950000000000000e+05 8.043000000000000000e+04 1.128030000000000000e+05 1.741050000000000000e+05 2.415100000000000000e+05 6.233000000000000000e+04 6.233000000000000000e+04 4.981400000000000000e+04 3.131280000000000000e+05 6.826800000000000000e+04 1.277610000000000000e+05 1.169910000000000000e+05 9.833200000000000000e+04 1.186940000000000000e+05 9.475100000000000000e+04 1.073590000000000000e+05
2.505460000000000000e+05 3.471940000000000000e+05 2.196960000000000000e+05 3.537000000000000000e+04 1.879490000000000000e+05 1.982830000000000000e+05 1.753500000000000000e+05 1.795640000000000000e+05 3.012210000000000000e+05 1.846410000000000000e+05 2.135470000000000000e+05 3.707990000000000000e+05 2.703410000000000000e+05 3.542370000000000000e+05 2.447930000000000000e+05 2.213470000000000000e+05 8.805700000000000000e+04 1.790390000000000000e+05 1.991990000000000000e+05 2.293170000000000000e+05 1.684370000000000000e+05 2.651470000000000000e+05 2.367610000000000000e+05 3.142800000000000000e+04 5.624700000000000000e+04 0.000000000000000000e+00 1.350410000000000000e+05 1.190280000000000000e+05 3.178530000000000000e+05 1.937880000000000000e+05 1.419290000000000000e+05 2.420450000000000000e+05 1.353530000000000000e+05 1.757680000000000000e+05 1.416880000000000000e+05 1.172970000000000000e+05 2.130970000000000000e+05 7.287300000000000000e+04 8.156800000000000000e+04 1.275970000000000000e+05 1.950020000000000000e+05 8.506900000000000000e+04 8.506900000000000000e+04 1.098630000000000000e+05 2.711310000000000000e+05 8.368200000000000000e+04 8.125300000000000000e+04 7.048300000000000000e+04 8.267100000000000000e+04 9.534000000000000000e+04 6.027600000000000000e+04 8.111800000000000000e+04
3.783050000000000000e+05 4.749540000000000000e+05 3.474560000000000000e+05 1.698060000000000000e+05 8.529100000000000000e+04 9.562500000000000000e+04 9.185900000000000000e+04 8.356800000000000000e+04 1.971630000000000000e+05 1.123610000000000000e+05 2.747270000000000000e+05 4.249670000000000000e+05 3.326430000000000000e+05 3.838850000000000000e+05 3.725530000000000000e+05 3.491070000000000000e+05 2.158170000000000000e+05 2.586950000000000000e+05 2.707980000000000000e+05 1.766570000000000000e+05 1.149250000000000000e+05 1.317200000000000000e+05 1.033330000000000000e+05 1.591870000000000000e+05 1.459290000000000000e+05 1.350410000000000000e+05 0.000000000000000000e+00 1.821600000000000000e+04 3.445130000000000000e+05 3.217440000000000000e+05 2.698850000000000000e+05 2.001030000000000000e+05 2.633090000000000000e+05 3.037230000000000000e+05 2.696440000000000000e+05 2.452530000000000000e+05 3.410530000000000000e+05 9.378700000000000000e+04 1.222160000000000000e+05 1.798420000000000000e+05 2.405680000000000000e+05 7.457100000000000000e+04 7.457100000000000000e+04 1.415930000000000000e+05 2.977910000000000000e+05 2.036520000000000000e+05 1.334980000000000000e+05 1.547380000000000000e+05 2.156350000000000000e+05 2.232960000000000000e+05 1.882310000000000000e+05 2.090740000000000000e+05
3.622930000000000000e+05 4.589410000000000000e+05 3.314430000000000000e+05 1.537940000000000000e+05 6.947900000000000000e+04 7.981400000000000000e+04 9.955000000000000000e+04 9.125900000000000000e+04 2.066410000000000000e+05 1.180650000000000000e+05 2.589150000000000000e+05 4.091560000000000000e+05 3.168310000000000000e+05 3.680740000000000000e+05 3.565410000000000000e+05 3.330950000000000000e+05 1.998040000000000000e+05 2.426820000000000000e+05 2.547850000000000000e+05 1.608450000000000000e+05 9.911300000000000000e+04 1.499350000000000000e+05 1.215490000000000000e+05 1.431750000000000000e+05 1.299170000000000000e+05 1.190280000000000000e+05 1.821600000000000000e+04 0.000000000000000000e+00 3.297910000000000000e+05 3.070210000000000000e+05 2.551620000000000000e+05 1.844460000000000000e+05 2.485860000000000000e+05 2.890010000000000000e+05 2.549220000000000000e+05 2.305300000000000000e+05 3.263300000000000000e+05 7.906500000000000000e+04 1.074930000000000000e+05 1.651190000000000000e+05 2.249110000000000000e+05 5.986500000000000000e+04 5.986500000000000000e+04 1.268880000000000000e+05 2.830680000000000000e+05 1.889300000000000000e+05 1.187750000000000000e+05 1.400150000000000000e+05 2.009130000000000000e+05 2.085730000000000000e+05 1.735090000000000000e+05 1.943520000000000000e+05
1.125160000000000000e+05 6.623800000000000000e+04 1.121710000000000000e+05 3.174650000000000000e+05 3.152870000000000000e+05 3.401700000000000000e+05 4.877310000000000000e+05 4.919450000000000000e+05 6.136030000000000000e+05 4.970220000000000000e+05 1.059470000000000000e+05 5.429600000000000000e+04 1.043600000000000000e+05 6.796100000000000000e+04 1.573090000000000000e+05 1.812970000000000000e+05 2.338020000000000000e+05 8.683700000000000000e+04 9.944400000000000000e+04 2.890520000000000000e+05 2.773820000000000000e+05 4.762330000000000000e+05 4.478470000000000000e+05 2.889850000000000000e+05 3.598510000000000000e+05 3.178530000000000000e+05 3.445130000000000000e+05 3.297910000000000000e+05 0.000000000000000000e+00 1.535570000000000000e+05 1.827470000000000000e+05 2.537750000000000000e+05 1.867450000000000000e+05 1.569010000000000000e+05 1.930800000000000000e+05 2.056130000000000000e+05 1.064570000000000000e+05 2.564220000000000000e+05 2.347590000000000000e+05 1.721570000000000000e+05 1.393970000000000000e+05 3.960820000000000000e+05 3.960820000000000000e+05 3.999600000000000000e+05 4.749900000000000000e+04 3.651110000000000000e+05 2.168290000000000000e+05 2.049430000000000000e+05 3.146590000000000000e+05 2.822710000000000000e+05 2.702800000000000000e+05 2.980540000000000000e+05
8.121800000000000000e+04 1.778660000000000000e+05 5.036800000000000000e+04 1.934000000000000000e+05 3.380330000000000000e+05 3.865990000000000000e+05 3.636660000000000000e+05 3.678800000000000000e+05 4.895370000000000000e+05 3.729570000000000000e+05 1.796270000000000000e+05 2.066370000000000000e+05 2.004900000000000000e+05 1.968960000000000000e+05 6.799400000000000000e+04 4.320800000000000000e+04 1.097370000000000000e+05 1.293820000000000000e+05 1.486410000000000000e+05 3.733040000000000000e+05 3.124230000000000000e+05 4.534630000000000000e+05 4.250770000000000000e+05 1.649200000000000000e+05 2.357850000000000000e+05 1.937880000000000000e+05 3.217440000000000000e+05 3.070210000000000000e+05 1.535570000000000000e+05 0.000000000000000000e+00 5.845700000000000000e+04 3.006210000000000000e+05 6.245500000000000000e+04 5.820400000000000000e+04 6.879000000000000000e+04 9.083000000000000000e+04 7.505600000000000000e+04 2.466140000000000000e+05 2.351170000000000000e+05 1.779250000000000000e+05 1.943850000000000000e+05 2.717920000000000000e+05 2.717920000000000000e+05 2.756700000000000000e+05 1.143670000000000000e+05 2.408210000000000000e+05 2.293210000000000000e+05 1.315080000000000000e+05 1.903690000000000000e+05 1.579810000000000000e+05 1.459900000000000000e+05 1.737640000000000000e+05
