0.000000000000000000e+00 9.687400000000000000e+04 6.626300000000000000e+04 2.505270000000000000e+05 1.752094000000000000e+06 4.433320000000000000e+05 4.283590000000000000e+05 4.247290000000000000e+05 5.464290000000000000e+05 4.300270000000000000e+05 1.818920000000000000e+05 1.623710000000000000e+05 2.053080000000000000e+05 1.678460000000000000e+05 3.499500000000000000e+04 6.988900000000000000e+04 1.686430000000000000e+05 1.339020000000000000e+05 1.524430000000000000e+05 1.290507000000000000e+07 3.704070000000000000e+05 5.099160000000000000e+05 4.772600000000000000e+05 2.221880000000000000e+05 2.912220000000000000e+05 1.927640000000000000e+05 3.783950000000000000e+05 3.635070000000000000e+05 1.126590000000000000e+05 8.113200000000000000e+04 1.116280000000000000e+05 3.085080000000000000e+05 1.194310000000000000e+05 1.400540000000000000e+05 1.249690000000000000e+05 1.483260000000000000e+05 1.100480000000000000e+05 3.023670000000000000e+05 2.915530000000000000e+05 2.103390000000000000e+05 1.998860000000000000e+05 2.079320000000000000e+05 3.282650000000000000e+05 3.322470000000000000e+05 1.181010000000000000e+05 2.973660000000000000e+05 2.864900000000000000e+05 1.880490000000000000e+05 2.457640000000000000e+05 2.145140000000000000e+05 2.026930000000000000e+05 2.305310000000000000e+05
9.687400000000000000e+04 0.000000000000000000e+00 1.138340000000000000e+05 3.471750000000000000e+05 1.780930000000000000e+06 5.388560000000000000e+05 5.238830000000000000e+05 5.202530000000000000e+05 6.419530000000000000e+05 5.255510000000000000e+05 1.693740000000000000e+05 1.100670000000000000e+05 1.701890000000000000e+05 1.225630000000000000e+05 1.306880000000000000e+05 1.654130000000000000e+05 2.641670000000000000e+05 1.502050000000000000e+05 1.649550000000000000e+05 1.293390500000000000e+07 3.428890000000000000e+05 6.054400000000000000e+05 5.727840000000000000e+05 3.177120000000000000e+05 3.867460000000000000e+05 2.882880000000000000e+05 4.739190000000000000e+05 4.590310000000000000e+05 6.474200000000000000e+04 1.766560000000000000e+05 2.071520000000000000e+05 3.201870000000000000e+05 2.149550000000000000e+05 2.355780000000000000e+05 2.204930000000000000e+05 2.438500000000000000e+05 1.317660000000000000e+05 3.978910000000000000e+05 3.870770000000000000e+05 2.345650000000000000e+05 2.040420000000000000e+05 1.954140000000000000e+05 4.237890000000000000e+05 4.277710000000000000e+05 1.007720000000000000e+05 3.928900000000000000e+05 2.759790000000000000e+05 2.846980000000000000e+05 3.412880000000000000e+05 3.100380000000000000e+05 2.068480000000000000e+05 3.260550000000000000e+05
6.626300000000000000e+04 1.138340000000000000e+05 0.000000000000000000e+00 4.393540000000000000e+05 5.347980000000000000e+05 2.920830000000000000e+05 7.904740000000000000e+05 3.939720000000000000e+05 1.031434000000000000e+06 7.981680000000000000e+05 2.591180000000000000e+05 3.207600000000000000e+05 3.031120000000000000e+05 2.959980000000000000e+05 1.686020000000000000e+05 1.132220000000000000e+05 2.751260000000000000e+05 8.093700000000000000e+04 2.003580000000000000e+05 6.069060000000000000e+05 4.839000000000000000e+05 9.587800000000000000e+05 9.014920000000000000e+05 3.824260000000000000e+05 5.275960000000000000e+05 4.393920000000000000e+05 6.949120000000000000e+05 6.628860000000000000e+05 2.243420000000000000e+05 1.007360000000000000e+05 1.682980000000000000e+05 4.932360000000000000e+05 1.762920000000000000e+05 5.747100000000000000e+04 1.889620000000000000e+05 2.330420000000000000e+05 5.575800000000000000e+04 3.930780000000000000e+05 3.497520000000000000e+05 1.512480000000000000e+05 2.971960000000000000e+05 2.974830000000000000e+05 5.949660000000000000e+05 6.027240000000000000e+05 1.308960000000000000e+05 5.330260000000000000e+05 3.138920000000000000e+05 2.641680000000000000e+05 4.321220000000000000e+05 3.673460000000000000e+05 3.433640000000000000e+05 3.989100000000000000e+05
2.505270000000000000e+05 3.471750000000000000e+05 4.393540000000000000e+05 0.000000000000000000e+00 4.491320000000000000e+05 2.348390000000000000e+05 3.908360000000000000e+05 1.941540000000000000e+05 6.317980000000000000e+05 3.985320000000000000e+05 5.139920000000000000e+05 7.424540000000000000e+05 6.408100000000000000e+05 7.065860000000000000e+05 4.883480000000000000e+05 4.414780000000000000e+05 1.755680000000000000e+05 2.342100000000000000e+05 5.086380000000000000e+05 5.260000000000000000e+05 4.029940000000000000e+05 6.034820000000000000e+05 4.971860000000000000e+05 1.024020000000000000e+05 9.032000000000000000e+04 7.074000000000000000e+04 3.396120000000000000e+05 3.075880000000000000e+05 6.349300000000000000e+05 3.868000000000000000e+05 2.830820000000000000e+05 5.570080000000000000e+05 2.699300000000000000e+05 1.753790000000000000e+05 2.826000000000000000e+05 2.338180000000000000e+05 4.254180000000000000e+05 1.830720000000000000e+05 2.326680000000000000e+05 1.774230000000000000e+05 4.811960000000000000e+05 9.766500000000000000e+04 1.953300000000000000e+05 1.654500000000000000e+05 5.414840000000000000e+05 1.016260000000000000e+05 2.354220000000000000e+05 2.349000000000000000e+05 1.140700000000000000e+05 1.291760000000000000e+05 1.047300000000000000e+05 1.309240000000000000e+05
1.752094000000000000e+06 1.780930000000000000e+06 5.347980000000000000e+05 4.491320000000000000e+05 0.000000000000000000e+00 1.879010000000000000e+06 1.864036000000000000e+06 1.860406000000000000e+06 1.982107000000000000e+06 1.699906000000000000e+06 1.803876000000000000e+06 1.908549000000000000e+06 1.843197000000000000e+06 1.845537000000000000e+06 1.745354000000000000e+06 1.723424000000000000e+06 1.590697000000000000e+06 1.756216000000000000e+06 1.775623000000000000e+06 1.199633300000000000e+07 1.806084000000000000e+06 1.945594000000000000e+06 1.912938000000000000e+06 1.657866000000000000e+06 1.726899000000000000e+06 1.600320000000000000e+06 1.814073000000000000e+06 1.799184000000000000e+06 1.858837000000000000e+06 1.696163000000000000e+06 1.644644000000000000e+06 1.864922000000000000e+06 1.638201000000000000e+06 1.621637000000000000e+06 1.637338000000000000e+06 1.638557000000000000e+06 1.717438000000000000e+06 1.738044000000000000e+06 1.727231000000000000e+06 1.742095000000000000e+06 1.806197000000000000e+06 1.820839000000000000e+06 1.763942000000000000e+06 1.586807000000000000e+06 1.773273000000000000e+06 1.550637000000000000e+06 1.722167000000000000e+06 1.649150000000000000e+05 1.653765000000000000e+06 1.650192000000000000e+06 1.804440000000000000e+06 1.638532000000000000e+06
4.433320000000000000e+05 5.388560000000000000e+05 2.920830000000000000e+05 2.348390000000000000e+05 1.879010000000000000e+06 0.000000000000000000e+00 3.546000000000000000e+05 3.358800000000000000e+05 5.665920000000000000e+05 3.976220000000000000e+05 4.701810000000000000e+05 7.672210000000000000e+05 5.869570000000000000e+05 6.785630000000000000e+05 8.731400000000000000e+05 8.277760000000000000e+05 5.622120000000000000e+05 5.354190000000000000e+05 5.563390000000000000e+05 1.316991200000000000e+07 1.508250000000000000e+05 4.548110000000000000e+05 3.935100000000000000e+05 4.483310000000000000e+05 4.206050000000000000e+05 4.824870000000000000e+05 1.913550000000000000e+05 1.579350000000000000e+05 6.800570000000000000e+05 7.731750000000000000e+05 6.034650000000000000e+05 3.204860000000000000e+05 6.567780000000000000e+05 5.681490000000000000e+05 5.240750000000000000e+05 5.077010000000000000e+05 5.328830000000000000e+05 2.437300000000000000e+05 2.665940000000000000e+05 3.602660000000000000e+05 4.022130000000000000e+05 3.556460000000000000e+05 2.790300000000000000e+05 4.129470000000000000e+05 6.134060000000000000e+05 5.370340000000000000e+05 2.763010000000000000e+05 1.922090000000000000e+05 5.621540000000000000e+05 5.763090000000000000e+05 4.529090000000000000e+05 5.481010000000000000e+05
4.283590000000000000e+05 5.238830000000000000e+05 7.904740000000000000e+05 3.908360000000000000e+05 1.864036000000000000e+06 3.546000000000000000e+05 0.000000000000000000e+00 9.110000000000000000e+03 1.253000000000000000e+05 2.306400000000000000e+04 3.935620000000000000e+05 5.388360000000000000e+05 4.523160000000000000e+05 5.141220000000000000e+05 4.139390000000000000e+05 3.920090000000000000e+05 2.594000000000000000e+05 3.587300000000000000e+05 3.781370000000000000e+05 1.301049300000000000e+07 1.976150000000000000e+05 1.498450000000000000e+05 8.683800000000000000e+04 2.024690000000000000e+05 1.557100000000000000e+05 2.623760000000000000e+05 9.238800000000000000e+04 1.003690000000000000e+05 4.885530000000000000e+05 3.647480000000000000e+05 3.132290000000000000e+05 2.820090000000000000e+05 3.067860000000000000e+05 2.787600000000000000e+05 3.005550000000000000e+05 2.879780000000000000e+05 3.860220000000000000e+05 1.681000000000000000e+05 2.028540000000000000e+05 2.916620000000000000e+05 3.599950000000000000e+05 3.746360000000000000e+05 9.485400000000000000e+04 1.253370000000000000e+05 4.418570000000000000e+05 1.749460000000000000e+05 2.104550000000000000e+05 2.334260000000000000e+05 2.329450000000000000e+05 2.663300000000000000e+05 3.582380000000000000e+05 2.523420000000000000e+05
4.247290000000000000e+05 5.202530000000000000e+05 3.939720000000000000e+05 1.941540000000000000e+05 1.860406000000000000e+06 3.358800000000000000e+05 9.110000000000000000e+03 0.000000000000000000e+00 2.528800000000000000e+05 6.143700000000000000e+04 6.960040000000000000e+05 1.087522000000000000e+06 8.127780000000000000e+05 1.044874000000000000e+06 8.355710000000000000e+05 7.902070000000000000e+05 5.246430000000000000e+05 7.234920000000000000e+05 7.630080000000000000e+05 1.326403900000000000e+07 3.766470000000000000e+05 2.982800000000000000e+05 1.798580000000000000e+05 4.107620000000000000e+05 3.157160000000000000e+05 4.449180000000000000e+05 1.671100000000000000e+05 1.827820000000000000e+05 9.834770000000000000e+05 7.356060000000000000e+05 6.322290000000000000e+05 5.463090000000000000e+05 6.192100000000000000e+05 6.315980000000000000e+05 6.193150000000000000e+05 5.823460000000000000e+05 7.761900000000000000e+05 3.430620000000000000e+05 3.919950000000000000e+05 5.056570000000000000e+05 6.280350000000000000e+05 4.270820000000000000e+05 1.958480000000000000e+05 2.626260000000000000e+05 8.900590000000000000e+05 3.652910000000000000e+05 4.108780000000000000e+05 2.376400000000000000e+05 4.958850000000000000e+05 5.387400000000000000e+05 5.470360000000000000e+05 5.105320000000000000e+05
5.464290000000000000e+05 6.419530000000000000e+05 1.031434000000000000e+06 6.317980000000000000e+05 1.982107000000000000e+06 5.665920000000000000e+05 1.253000000000000000e+05 2.528800000000000000e+05 0.000000000000000000e+00 1.476810000000000000e+05 5.181660000000000000e+05 6.634390000000000000e+05 5.769190000000000000e+05 6.387250000000000000e+05 5.385420000000000000e+05 5.166120000000000000e+05 3.840040000000000000e+05 4.833340000000000000e+05 5.027410000000000000e+05 1.313509700000000000e+07 3.041200000000000000e+05 1.837650000000000000e+05 1.207580000000000000e+05 3.270720000000000000e+05 2.803130000000000000e+05 3.869790000000000000e+05 1.969360000000000000e+05 2.068730000000000000e+05 6.131570000000000000e+05 4.893510000000000000e+05 4.378330000000000000e+05 3.885130000000000000e+05 4.313900000000000000e+05 4.033630000000000000e+05 4.251590000000000000e+05 4.125820000000000000e+05 5.106260000000000000e+05 2.927040000000000000e+05 3.274580000000000000e+05 4.162660000000000000e+05 4.845980000000000000e+05 4.992400000000000000e+05 2.194570000000000000e+05 2.499550000000000000e+05 5.664610000000000000e+05 2.995640000000000000e+05 3.350590000000000000e+05 3.592980000000000000e+05 3.575630000000000000e+05 3.909330000000000000e+05 4.828420000000000000e+05 3.769460000000000000e+05
4.300270000000000000e+05 5.255510000000000000e+05 7.981680000000000000e+05 3.985320000000000000e+05 1.699906000000000000e+06 3.976220000000000000e+05 2.306400000000000000e+04 6.143700000000000000e+04 1.476810000000000000e+05 0.000000000000000000e+00 4.023320000000000000e+05 5.476050000000000000e+05 4.610850000000000000e+05 5.228910000000000000e+05 4.227080000000000000e+05 4.007780000000000000e+05 2.681700000000000000e+05 3.675000000000000000e+05 3.869070000000000000e+05 1.301926300000000000e+07 2.195610000000000000e+05 1.723960000000000000e+05 1.093900000000000000e+05 2.112380000000000000e+05 1.644790000000000000e+05 2.711450000000000000e+05 1.130490000000000000e+05 1.189790000000000000e+05 4.973230000000000000e+05 3.735170000000000000e+05 3.219980000000000000e+05 3.039540000000000000e+05 3.155550000000000000e+05 2.875290000000000000e+05 3.093250000000000000e+05 2.967480000000000000e+05 3.947920000000000000e+05 1.768700000000000000e+05 2.116240000000000000e+05 3.004320000000000000e+05 3.687640000000000000e+05 3.834060000000000000e+05 1.036230000000000000e+05 1.192980000000000000e+05 4.506270000000000000e+05 1.689070000000000000e+05 2.192250000000000000e+05 2.427170000000000000e+05 2.269060000000000000e+05 2.750990000000000000e+05 3.670080000000000000e+05 2.611120000000000000e+05
1.818920000000000000e+05 1.693740000000000000e+05 2.591180000000000000e+05 5.139920000000000000e+05 1.803876000000000000e+06 4.701810000000000000e+05 3.935620000000000000e+05 6.960040000000000000e+05 5.181660000000000000e+05 4.023320000000000000e+05 0.000000000000000000e+00 1.461860000000000000e+05 5.835700000000000000e+04 9.846800000000000000e+04 1.997680000000000000e+05 1.844490000000000000e+05 2.091790000000000000e+05 5.156500000000000000e+04 3.502400000000000000e+04 1.295733500000000000e+07 1.732210000000000000e+05 4.064220000000000000e+05 3.737670000000000000e+05 2.034180000000000000e+05 2.549810000000000000e+05 2.250670000000000000e+05 2.749020000000000000e+05 2.572920000000000000e+05 1.043450000000000000e+05 1.782360000000000000e+05 1.804920000000000000e+05 1.505190000000000000e+05 1.843970000000000000e+05 1.866940000000000000e+05 1.801220000000000000e+05 1.710210000000000000e+05 1.070860000000000000e+05 1.931250000000000000e+05 1.721460000000000000e+05 1.059050000000000000e+05 3.437400000000000000e+04 2.574600000000000000e+04 2.811030000000000000e+05 3.548730000000000000e+05 7.866800000000000000e+04 3.296690000000000000e+05 1.483630000000000000e+05 1.542550000000000000e+05 2.780670000000000000e+05 2.468180000000000000e+05 3.718000000000000000e+04 2.628340000000000000e+05
1.623710000000000000e+05 1.100670000000000000e+05 3.207600000000000000e+05 7.424540000000000000e+05 1.908549000000000000e+06 7.672210000000000000e+05 5.388360000000000000e+05 1.087522000000000000e+06 6.634390000000000000e+05 5.476050000000000000e+05 1.461860000000000000e+05 0.000000000000000000e+00 1.468890000000000000e+05 9.926200000000000000e+04 1.962310000000000000e+05 2.309560000000000000e+05 2.851090000000000000e+05 1.365160000000000000e+05 1.673840000000000000e+05 1.302153500000000000e+07 3.195890000000000000e+05 5.527900000000000000e+05 5.201340000000000000e+05 3.386540000000000000e+05 4.076870000000000000e+05 3.092290000000000000e+05 4.212690000000000000e+05 4.036600000000000000e+05 5.013700000000000000e+04 2.027620000000000000e+05 2.280930000000000000e+05 2.968870000000000000e+05 2.358960000000000000e+05 2.565190000000000000e+05 2.414340000000000000e+05 2.540130000000000000e+05 1.545800000000000000e+05 3.043500000000000000e+05 2.833710000000000000e+05 2.522720000000000000e+05 1.807410000000000000e+05 1.721140000000000000e+05 4.447300000000000000e+05 4.487130000000000000e+05 9.594400000000000000e+04 4.138310000000000000e+05 2.947310000000000000e+05 2.574480000000000000e+05 3.622290000000000000e+05 3.309800000000000000e+05 1.835470000000000000e+05 3.469970000000000000e+05
2.053080000000000000e+05 1.701890000000000000e+05 3.031120000000000000e+05 6.408100000000000000e+05 1.843197000000000000e+06 5.869570000000000000e+05 4.523160000000000000e+05 8.127780000000000000e+05 5.769190000000000000e+05 4.610850000000000000e+05 5.835700000000000000e+04 1.468890000000000000e+05 0.000000000000000000e+00 8.057900000000000000e+04 2.227530000000000000e+05 2.074340000000000000e+05 2.538210000000000000e+05 8.750900000000000000e+04 7.966600000000000000e+04 1.300197600000000000e+07 2.318700000000000000e+05 4.650710000000000000e+05 4.324150000000000000e+05 2.608830000000000000e+05 3.681660000000000000e+05 2.697090000000000000e+05 3.335500000000000000e+05 3.159410000000000000e+05 1.048800000000000000e+05 2.012210000000000000e+05 2.197310000000000000e+05 2.091680000000000000e+05 2.275340000000000000e+05 2.313350000000000000e+05 2.330720000000000000e+05 2.156630000000000000e+05 1.462170000000000000e+05 2.517740000000000000e+05 2.307940000000000000e+05 1.645530000000000000e+05 9.302200000000000000e+04 8.439500000000000000e+04 3.255920000000000000e+05 4.091920000000000000e+05 9.445400000000000000e+04 3.743100000000000000e+05 2.070120000000000000e+05 2.110480000000000000e+05 3.227080000000000000e+05 2.914590000000000000e+05 9.582800000000000000e+04 3.074760000000000000e+05
1.678460000000000000e+05 1.225630000000000000e+05 2.959980000000000000e+05 7.065860000000000000e+05 1.845537000000000000e+06 6.785630000000000000e+05 5.141220000000000000e+05 1.044874000000000000e+06 6.387250000000000000e+05 5.228910000000000000e+05 9.846800000000000000e+04 9.926200000000000000e+04 8.057900000000000000e+04 0.000000000000000000e+00 2.077730000000000000e+05 1.924540000000000000e+05 2.617660000000000000e+05 1.061880000000000000e+05 1.195230000000000000e+05 1.299819200000000000e+07 2.717270000000000000e+05 5.049280000000000000e+05 4.722720000000000000e+05 3.153110000000000000e+05 3.843440000000000000e+05 2.858870000000000000e+05 3.734070000000000000e+05 3.557980000000000000e+05 5.709500000000000000e+04 1.862410000000000000e+05 2.047510000000000000e+05 2.490250000000000000e+05 2.125540000000000000e+05 2.331770000000000000e+05 2.180920000000000000e+05 2.306700000000000000e+05 1.312370000000000000e+05 2.916310000000000000e+05 2.706510000000000000e+05 2.044100000000000000e+05 1.328790000000000000e+05 1.242520000000000000e+05 4.213880000000000000e+05 4.253700000000000000e+05 7.260200000000000000e+04 3.904890000000000000e+05 2.468690000000000000e+05 2.356210000000000000e+05 3.388870000000000000e+05 3.076370000000000000e+05 1.356850000000000000e+05 3.236540000000000000e+05
3.499500000000000000e+04 1.306880000000000000e+05 1.686020000000000000e+05 4.883480000000000000e+05 1.745354000000000000e+06 8.731400000000000000e+05 4.139390000000000000e+05 8.355710000000000000e+05 5.385420000000000000e+05 4.227080000000000000e+05 1.997680000000000000e+05 1.962310000000000000e+05 2.227530000000000000e+05 2.077730000000000000e+05 0.000000000000000000e+00 3.311300000000000000e+04 1.612590000000000000e+05 1.506910000000000000e+05 1.692320000000000000e+05 1.289768500000000000e+07 3.630230000000000000e+05 5.025320000000000000e+05 4.698760000000000000e+05 2.148040000000000000e+05 2.838370000000000000e+05 1.853800000000000000e+05 3.710110000000000000e+05 3.561220000000000000e+05 1.559290000000000000e+05 6.627600000000000000e+04 1.042440000000000000e+05 3.252970000000000000e+05 1.120470000000000000e+05 1.326700000000000000e+05 1.175850000000000000e+05 1.409420000000000000e+05 1.268370000000000000e+05 2.949830000000000000e+05 2.841690000000000000e+05 2.271280000000000000e+05 2.166760000000000000e+05 2.247210000000000000e+05 3.208810000000000000e+05 3.248630000000000000e+05 1.348900000000000000e+05 2.899820000000000000e+05 2.791050000000000000e+05 1.822970000000000000e+05 2.383800000000000000e+05 2.071300000000000000e+05 2.194820000000000000e+05 2.231470000000000000e+05
6.988900000000000000e+04 1.654130000000000000e+05 1.132220000000000000e+05 4.414780000000000000e+05 1.723424000000000000e+06 8.277760000000000000e+05 3.920090000000000000e+05 7.902070000000000000e+05 5.166120000000000000e+05 4.007780000000000000e+05 1.844490000000000000e+05 2.309560000000000000e+05 2.074340000000000000e+05 1.924540000000000000e+05 3.311300000000000000e+04 0.000000000000000000e+00 1.393180000000000000e+05 1.359160000000000000e+05 1.544570000000000000e+05 1.287574400000000000e+07 3.410810000000000000e+05 4.805900000000000000e+05 4.479350000000000000e+05 1.928630000000000000e+05 2.618960000000000000e+05 1.634390000000000000e+05 3.490700000000000000e+05 3.341810000000000000e+05 1.813130000000000000e+05 4.299500000000000000e+04 8.230200000000000000e+04 3.279700000000000000e+05 9.010500000000000000e+04 1.107280000000000000e+05 9.564300000000000000e+04 1.190000000000000000e+05 8.217000000000000000e+04 2.730410000000000000e+05 2.622280000000000000e+05 2.051430000000000000e+05 2.019010000000000000e+05 2.099460000000000000e+05 2.989390000000000000e+05 3.029220000000000000e+05 1.201150000000000000e+05 2.680400000000000000e+05 2.571640000000000000e+05 1.588510000000000000e+05 2.164380000000000000e+05 1.851890000000000000e+05 2.047070000000000000e+05 2.012060000000000000e+05
1.686430000000000000e+05 2.641670000000000000e+05 2.751260000000000000e+05 1.755680000000000000e+05 1.590697000000000000e+06 5.622120000000000000e+05 2.594000000000000000e+05 5.246430000000000000e+05 3.840040000000000000e+05 2.681700000000000000e+05 2.091790000000000000e+05 2.851090000000000000e+05 2.538210000000000000e+05 2.617660000000000000e+05 1.612590000000000000e+05 1.393180000000000000e+05 0.000000000000000000e+00 1.607870000000000000e+05 1.801940000000000000e+05 1.274356400000000000e+07 2.084180000000000000e+05 3.479870000000000000e+05 3.153310000000000000e+05 6.025900000000000000e+04 1.292930000000000000e+05 1.344200000000000000e+04 2.164660000000000000e+05 2.015780000000000000e+05 2.332710000000000000e+05 1.094660000000000000e+05 5.794700000000000000e+04 2.672550000000000000e+05 5.150400000000000000e+04 2.924200000000000000e+04 5.064100000000000000e+04 4.312900000000000000e+04 1.307400000000000000e+05 1.403780000000000000e+05 1.295640000000000000e+05 1.444280000000000000e+05 2.085300000000000000e+05 2.231720000000000000e+05 1.663360000000000000e+05 1.703180000000000000e+05 1.865760000000000000e+05 1.354370000000000000e+05 1.245010000000000000e+05 8.389300000000000000e+04 8.383500000000000000e+04 4.344600000000000000e+04 2.067740000000000000e+05 6.860200000000000000e+04
1.339020000000000000e+05 1.502050000000000000e+05 8.093700000000000000e+04 2.342100000000000000e+05 1.756216000000000000e+06 5.354190000000000000e+05 3.587300000000000000e+05 7.234920000000000000e+05 4.833340000000000000e+05 3.675000000000000000e+05 5.156500000000000000e+04 1.365160000000000000e+05 8.750900000000000000e+04 1.061880000000000000e+05 1.506910000000000000e+05 1.359160000000000000e+05 1.607870000000000000e+05 0.000000000000000000e+00 3.818700000000000000e+04 1.311753900000000000e+07 4.329350000000000000e+05 7.809660000000000000e+05 7.196650000000000000e+05 3.357680000000000000e+05 5.542590000000000000e+05 3.560140000000000000e+05 5.175100000000000000e+05 4.866090000000000000e+05 1.734070000000000000e+05 2.587570000000000000e+05 2.616700000000000000e+05 3.495240000000000000e+05 2.721440000000000000e+05 2.367810000000000000e+05 2.660510000000000000e+05 2.461440000000000000e+05 1.103970000000000000e+05 3.405670000000000000e+05 2.979250000000000000e+05 1.693860000000000000e+05 1.340500000000000000e+05 3.352680000000000000e+05 5.161420000000000000e+05 6.328490000000000000e+05 9.935200000000000000e+04 5.631180000000000000e+05 2.619880000000000000e+05 1.191840000000000000e+05 4.610640000000000000e+05 3.974270000000000000e+05 2.557400000000000000e+05 4.292270000000000000e+05
1.524430000000000000e+05 1.649550000000000000e+05 2.003580000000000000e+05 5.086380000000000000e+05 1.775623000000000000e+06 5.563390000000000000e+05 3.781370000000000000e+05 7.630080000000000000e+05 5.027410000000000000e+05 3.869070000000000000e+05 3.502400000000000000e+04 1.673840000000000000e+05 7.966600000000000000e+04 1.195230000000000000e+05 1.692320000000000000e+05 1.544570000000000000e+05 1.801940000000000000e+05 3.818700000000000000e+04 0.000000000000000000e+00 1.292870000000000000e+07 2.081290000000000000e+05 4.017370000000000000e+05 3.690820000000000000e+05 1.876900000000000000e+05 2.948900000000000000e+05 1.964320000000000000e+05 2.702170000000000000e+05 2.553280000000000000e+05 1.005760000000000000e+05 1.479320000000000000e+05 1.477220000000000000e+05 1.854270000000000000e+05 1.557630000000000000e+05 1.580590000000000000e+05 1.514870000000000000e+05 1.423870000000000000e+05 7.431600000000000000e+04 1.813060000000000000e+05 1.603270000000000000e+05 1.020660000000000000e+05 6.928100000000000000e+04 6.065400000000000000e+04 2.775100000000000000e+05 3.359160000000000000e+05 6.765000000000000000e+04 3.010340000000000000e+05 1.423200000000000000e+05 1.393430000000000000e+05 2.494320000000000000e+05 2.181830000000000000e+05 7.208700000000000000e+04 2.342000000000000000e+05
1.290507000000000000e+07 1.293390500000000000e+07 6.069060000000000000e+05 5.260000000000000000e+05 1.199633300000000000e+07 1.316991200000000000e+07 1.301049300000000000e+07 1.326403900000000000e+07 1.313509700000000000e+07 1.301926300000000000e+07 1.295733500000000000e+07 1.302153500000000000e+07 1.300197600000000000e+07 1.299819200000000000e+07 1.289768500000000000e+07 1.287574400000000000e+07 1.274356400000000000e+07 1.311753900000000000e+07 1.292870000000000000e+07 0.000000000000000000e+00 1.295564000000000000e+07 1.309514900000000000e+07 1.306249400000000000e+07 1.280742200000000000e+07 1.287645500000000000e+07 1.274987600000000000e+07 1.296362800000000000e+07 1.294874000000000000e+07 1.300839300000000000e+07 1.284571900000000000e+07 1.279420000000000000e+07 1.301447700000000000e+07 1.278775700000000000e+07 1.277119300000000000e+07 1.278689300000000000e+07 1.278811300000000000e+07 1.286699300000000000e+07 1.288760000000000000e+07 1.287678700000000000e+07 1.289165100000000000e+07 1.295575300000000000e+07 1.297039400000000000e+07 1.291349800000000000e+07 1.273636300000000000e+07 1.292282800000000000e+07 1.270019300000000000e+07 1.287172300000000000e+07 2.001870000000000000e+05 1.280332100000000000e+07 1.279974800000000000e+07 1.295399600000000000e+07 1.278808800000000000e+07
3.704070000000000000e+05 3.428890000000000000e+05 4.839000000000000000e+05 4.029940000000000000e+05 1.806084000000000000e+06 1.508250000000000000e+05 1.976150000000000000e+05 3.766470000000000000e+05 3.041200000000000000e+05 2.195610000000000000e+05 1.732210000000000000e+05 3.195890000000000000e+05 2.318700000000000000e+05 2.717270000000000000e+05 3.630230000000000000e+05 3.410810000000000000e+05 2.084180000000000000e+05 4.329350000000000000e+05 2.081290000000000000e+05 1.295564000000000000e+07 0.000000000000000000e+00 2.474050000000000000e+05 2.147490000000000000e+05 1.769290000000000000e+05 1.792780000000000000e+05 2.199040000000000000e+05 1.158840000000000000e+05 9.827500000000000000e+04 2.777710000000000000e+05 3.132370000000000000e+05 2.166570000000000000e+05 9.331200000000000000e+04 2.127130000000000000e+05 2.272490000000000000e+05 2.094940000000000000e+05 2.019530000000000000e+05 2.149260000000000000e+05 1.019250000000000000e+05 8.203400000000000000e+04 1.280750000000000000e+05 1.394620000000000000e+05 1.541040000000000000e+05 1.597580000000000000e+05 2.362680000000000000e+05 2.545070000000000000e+05 2.505490000000000000e+05 8.586900000000000000e+04 1.393060000000000000e+05 2.729030000000000000e+05 2.416540000000000000e+05 1.377050000000000000e+05 2.576710000000000000e+05
5.099160000000000000e+05 6.054400000000000000e+05 9.587800000000000000e+05 6.034820000000000000e+05 1.945594000000000000e+06 4.548110000000000000e+05 1.498450000000000000e+05 2.982800000000000000e+05 1.837650000000000000e+05 1.723960000000000000e+05 4.064220000000000000e+05 5.527900000000000000e+05 4.650710000000000000e+05 5.049280000000000000e+05 5.025320000000000000e+05 4.805900000000000000e+05 3.479870000000000000e+05 7.809660000000000000e+05 4.017370000000000000e+05 1.309514900000000000e+07 2.474050000000000000e+05 0.000000000000000000e+00 7.200500000000000000e+04 2.909800000000000000e+05 2.765330000000000000e+05 3.508870000000000000e+05 1.314740000000000000e+05 1.501480000000000000e+05 4.757690000000000000e+05 4.532590000000000000e+05 4.017400000000000000e+05 3.317880000000000000e+05 3.952970000000000000e+05 3.672710000000000000e+05 3.890660000000000000e+05 3.764890000000000000e+05 4.745330000000000000e+05 2.240910000000000000e+05 2.553620000000000000e+05 3.113980000000000000e+05 3.730500000000000000e+05 3.876920000000000000e+05 2.016290000000000000e+05 2.515690000000000000e+05 4.290730000000000000e+05 3.012180000000000000e+05 2.629630000000000000e+05 2.864580000000000000e+05 3.483450000000000000e+05 3.548410000000000000e+05 3.712930000000000000e+05 3.408530000000000000e+05
4.772600000000000000e+05 5.727840000000000000e+05 9.014920000000000000e+05 4.971860000000000000e+05 1.912938000000000000e+06 3.935100000000000000e+05 8.683800000000000000e+04 1.798580000000000000e+05 1.207580000000000000e+05 1.093900000000000000e+05 3.737670000000000000e+05 5.201340000000000000e+05 4.324150000000000000e+05 4.722720000000000000e+05 4.698760000000000000e+05 4.479350000000000000e+05 3.153310000000000000e+05 7.196650000000000000e+05 3.690820000000000000e+05 1.306249400000000000e+07 2.147490000000000000e+05 7.200500000000000000e+04 0.000000000000000000e+00 2.584150000000000000e+05 2.087620000000000000e+05 3.183210000000000000e+05 9.890900000000000000e+04 1.175830000000000000e+05 4.432030000000000000e+05 4.206930000000000000e+05 3.691750000000000000e+05 2.992230000000000000e+05 3.627320000000000000e+05 3.347050000000000000e+05 3.565010000000000000e+05 3.439240000000000000e+05 4.419680000000000000e+05 1.915260000000000000e+05 2.227970000000000000e+05 2.788320000000000000e+05 3.404850000000000000e+05 3.551260000000000000e+05 1.479050000000000000e+05 1.978460000000000000e+05 3.965080000000000000e+05 2.474940000000000000e+05 2.303980000000000000e+05 2.580710000000000000e+05 3.064120000000000000e+05 3.222750000000000000e+05 3.387280000000000000e+05 3.082880000000000000e+05
2.221880000000000000e+05 3.177120000000000000e+05 3.824260000000000000e+05 1.024020000000000000e+05 1.657866000000000000e+06 4.483310000000000000e+05 2.024690000000000000e+05 4.107620000000000000e+05 3.270720000000000000e+05 2.112380000000000000e+05 2.034180000000000000e+05 3.386540000000000000e+05 2.608830000000000000e+05 3.153110000000000000e+05 2.148040000000000000e+05 1.928630000000000000e+05 6.025900000000000000e+04 3.357680000000000000e+05 1.876900000000000000e+05 1.280742200000000000e+07 1.769290000000000000e+05 2.909800000000000000e+05 2.584150000000000000e+05 0.000000000000000000e+00 8.841300000000000000e+04 6.260600000000000000e+04 1.591740000000000000e+05 1.442850000000000000e+05 2.887840000000000000e+05 1.649780000000000000e+05 1.134600000000000000e+05 2.531850000000000000e+05 1.070170000000000000e+05 7.899000000000000000e+04 1.007860000000000000e+05 8.820900000000000000e+04 1.862530000000000000e+05 9.612800000000000000e+04 9.795000000000000000e+04 1.242730000000000000e+05 1.883750000000000000e+05 2.030170000000000000e+05 1.090430000000000000e+05 1.294390000000000000e+05 2.420880000000000000e+05 9.750700000000000000e+04 9.288700000000000000e+04 5.667700000000000000e+04 7.457300000000000000e+04 6.656000000000000000e+04 1.866180000000000000e+05 5.090000000000000000e+04
2.912220000000000000e+05 3.867460000000000000e+05 5.275960000000000000e+05 9.032000000000000000e+04 1.726899000000000000e+06 4.206050000000000000e+05 1.557100000000000000e+05 3.157160000000000000e+05 2.803130000000000000e+05 1.644790000000000000e+05 2.549810000000000000e+05 4.076870000000000000e+05 3.681660000000000000e+05 3.843440000000000000e+05 2.838370000000000000e+05 2.618960000000000000e+05 1.292930000000000000e+05 5.542590000000000000e+05 2.948900000000000000e+05 1.287645500000000000e+07 1.792780000000000000e+05 2.765330000000000000e+05 2.087620000000000000e+05 8.841300000000000000e+04 0.000000000000000000e+00 1.315920000000000000e+05 1.442390000000000000e+05 1.293500000000000000e+05 3.577700000000000000e+05 2.339650000000000000e+05 1.824460000000000000e+05 2.608620000000000000e+05 1.760030000000000000e+05 1.479770000000000000e+05 1.697720000000000000e+05 1.571950000000000000e+05 2.552390000000000000e+05 7.786100000000000000e+04 1.126150000000000000e+05 1.723270000000000000e+05 2.406600000000000000e+05 2.553010000000000000e+05 6.149400000000000000e+04 5.152800000000000000e+04 3.110740000000000000e+05 5.765200000000000000e+04 1.266070000000000000e+05 1.169910000000000000e+05 9.770600000000000000e+04 1.169300000000000000e+05 2.389030000000000000e+05 1.058020000000000000e+05
1.927640000000000000e+05 2.882880000000000000e+05 4.393920000000000000e+05 7.074000000000000000e+04 1.600320000000000000e+06 4.824870000000000000e+05 2.623760000000000000e+05 4.449180000000000000e+05 3.869790000000000000e+05 2.711450000000000000e+05 2.250670000000000000e+05 3.092290000000000000e+05 2.697090000000000000e+05 2.858870000000000000e+05 1.853800000000000000e+05 1.634390000000000000e+05 1.344200000000000000e+04 3.560140000000000000e+05 1.964320000000000000e+05 1.274987600000000000e+07 2.199040000000000000e+05 3.508870000000000000e+05 3.183210000000000000e+05 6.260600000000000000e+04 1.315920000000000000e+05 0.000000000000000000e+00 2.208620000000000000e+05 2.059740000000000000e+05 2.622580000000000000e+05 1.384530000000000000e+05 8.693400000000000000e+04 2.808000000000000000e+05 8.049100000000000000e+04 5.246500000000000000e+04 7.426000000000000000e+04 6.168300000000000000e+04 1.597270000000000000e+05 1.539230000000000000e+05 1.431090000000000000e+05 1.579730000000000000e+05 2.220750000000000000e+05 2.367170000000000000e+05 1.707320000000000000e+05 1.747140000000000000e+05 2.155620000000000000e+05 1.060200000000000000e+05 1.380450000000000000e+05 7.048300000000000000e+04 5.441800000000000000e+04 4.679000000000000000e+04 2.203180000000000000e+05 3.918600000000000000e+04
3.783950000000000000e+05 4.739190000000000000e+05 6.949120000000000000e+05 3.396120000000000000e+05 1.814073000000000000e+06 1.913550000000000000e+05 9.238800000000000000e+04 1.671100000000000000e+05 1.969360000000000000e+05 1.130490000000000000e+05 2.749020000000000000e+05 4.212690000000000000e+05 3.335500000000000000e+05 3.734070000000000000e+05 3.710110000000000000e+05 3.490700000000000000e+05 2.164660000000000000e+05 5.175100000000000000e+05 2.702170000000000000e+05 1.296362800000000000e+07 1.158840000000000000e+05 1.314740000000000000e+05 9.890900000000000000e+04 1.591740000000000000e+05 1.442390000000000000e+05 2.208620000000000000e+05 0.000000000000000000e+00 1.867500000000000000e+04 3.442950000000000000e+05 3.217850000000000000e+05 2.702660000000000000e+05 2.003150000000000000e+05 2.638230000000000000e+05 2.357970000000000000e+05 2.575920000000000000e+05 2.450150000000000000e+05 3.430590000000000000e+05 9.261700000000000000e+04 1.238880000000000000e+05 1.799240000000000000e+05 2.415760000000000000e+05 2.562180000000000000e+05 7.481200000000000000e+04 1.417080000000000000e+05 2.975990000000000000e+05 2.037350000000000000e+05 1.314890000000000000e+05 1.547380000000000000e+05 2.168710000000000000e+05 2.233670000000000000e+05 2.398190000000000000e+05 2.093790000000000000e+05
3.635070000000000000e+05 4.590310000000000000e+05 6.628860000000000000e+05 3.075880000000000000e+05 1.799184000000000000e+06 1.579350000000000000e+05 1.003690000000000000e+05 1.827820000000000000e+05 2.068730000000000000e+05 1.189790000000000000e+05 2.572920000000000000e+05 4.036600000000000000e+05 3.159410000000000000e+05 3.557980000000000000e+05 3.561220000000000000e+05 3.341810000000000000e+05 2.015780000000000000e+05 4.866090000000000000e+05 2.553280000000000000e+05 1.294874000000000000e+07 9.827500000000000000e+04 1.501480000000000000e+05 1.175830000000000000e+05 1.442850000000000000e+05 1.293500000000000000e+05 2.059740000000000000e+05 1.867500000000000000e+04 0.000000000000000000e+00 3.301240000000000000e+05 3.076140000000000000e+05 2.560950000000000000e+05 1.829940000000000000e+05 2.496520000000000000e+05 2.216260000000000000e+05 2.434210000000000000e+05 2.308440000000000000e+05 3.288880000000000000e+05 7.844600000000000000e+04 1.097170000000000000e+05 1.657530000000000000e+05 2.242560000000000000e+05 2.388970000000000000e+05 6.065900000000000000e+04 1.275540000000000000e+05 2.834280000000000000e+05 1.895640000000000000e+05 1.173180000000000000e+05 1.400150000000000000e+05 2.027000000000000000e+05 2.091960000000000000e+05 2.224990000000000000e+05 1.952080000000000000e+05
1.126590000000000000e+05 6.474200000000000000e+04 2.243420000000000000e+05 6.349300000000000000e+05 1.858837000000000000e+06 6.800570000000000000e+05 4.885530000000000000e+05 9.834770000000000000e+05 6.131570000000000000e+05 4.973230000000000000e+05 1.043450000000000000e+05 5.013700000000000000e+04 1.048800000000000000e+05 5.709500000000000000e+04 1.559290000000000000e+05 1.813130000000000000e+05 2.332710000000000000e+05 1.734070000000000000e+05 1.005760000000000000e+05 1.300839300000000000e+07 2.777710000000000000e+05 4.757690000000000000e+05 4.432030000000000000e+05 2.887840000000000000e+05 3.577700000000000000e+05 2.622580000000000000e+05 3.442950000000000000e+05 3.301240000000000000e+05 0.000000000000000000e+00 1.536040000000000000e+05 1.792310000000000000e+05 2.537630000000000000e+05 1.870350000000000000e+05 2.076580000000000000e+05 1.925720000000000000e+05 2.051510000000000000e+05 1.057180000000000000e+05 2.554880000000000000e+05 2.345090000000000000e+05 1.720150000000000000e+05 1.376170000000000000e+05 1.289900000000000000e+05 3.958690000000000000e+05 3.998510000000000000e+05 4.708300000000000000e+04 3.649690000000000000e+05 2.165020000000000000e+05 2.049430000000000000e+05 3.133680000000000000e+05 2.821180000000000000e+05 1.404230000000000000e+05 2.981350000000000000e+05
8.113200000000000000e+04 1.766560000000000000e+05 1.007360000000000000e+05 3.868000000000000000e+05 1.696163000000000000e+06 7.731750000000000000e+05 3.647480000000000000e+05 7.356060000000000000e+05 4.893510000000000000e+05 3.735170000000000000e+05 1.782360000000000000e+05 2.027620000000000000e+05 2.012210000000000000e+05 1.862410000000000000e+05 6.627600000000000000e+04 4.299500000000000000e+04 1.094660000000000000e+05 2.587570000000000000e+05 1.479320000000000000e+05 1.284571900000000000e+07 3.132370000000000000e+05 4.532590000000000000e+05 4.206930000000000000e+05 1.649780000000000000e+05 2.339650000000000000e+05 1.384530000000000000e+05 3.217850000000000000e+05 3.076140000000000000e+05 1.536040000000000000e+05 0.000000000000000000e+00 5.503800000000000000e+04 3.007060000000000000e+05 6.284100000000000000e+04 8.346400000000000000e+04 6.837900000000000000e+04 9.173600000000000000e+04 7.693500000000000000e+04 2.457770000000000000e+05 2.349630000000000000e+05 1.778790000000000000e+05 1.927010000000000000e+05 2.038310000000000000e+05 2.716750000000000000e+05 2.756570000000000000e+05 1.140000000000000000e+05 2.407760000000000000e+05 2.299000000000000000e+05 1.315080000000000000e+05 1.891740000000000000e+05 1.579240000000000000e+05 1.955070000000000000e+05 1.739410000000000000e+05
